[gd_scene load_steps=5 format=3 uid="uid://mgp02mkor0at"]

[ext_resource type="PackedScene" uid="uid://qqhgsflrgofy" path="res://scenes/kutu.tscn" id="1_a202f"]
[ext_resource type="Texture2D" uid="uid://4q335xxs2p" path="res://icons/icon.svg" id="3_r3fl7"]
[ext_resource type="Script" uid="uid://c226llojjpjcm" path="res://icons/icon.gd" id="4_jka67"]

[sub_resource type="BoxMesh" id="BoxMesh_4xowi"]
size = Vector3(10, 0.5, 10)

[sub_resource type="BoxShape3D" id="BoxShape3D_a202f"]
size = Vector3(10, 0.5, 10)

[node name="Level1" type="Node3D"]

[node name="Camera3D" type="Camera3D" parent="."]
transform = Transform3D(0.99972826, 0.0036330153, -0.023027807, 0.0031226333, 0.9580129, 0.28670818, 0.023102552, -0.28670216, 0.9577412, 0.230582, 2.939762, 8.523769)

[node name="floor" type="StaticBody3D" parent="."]
metadata/_edit_group_ = true

[node name="MeshInstance3D" type="MeshInstance3D" parent="floor"]
mesh = SubResource("BoxMesh_4xowi")

[node name="CollisionShape3D" type="CollisionShape3D" parent="floor"]
shape = SubResource("BoxShape3D_a202f")

[node name="DirectionalLight3D" type="DirectionalLight3D" parent="."]
transform = Transform3D(-0.48385057, 0.028864266, -0.87467456, -0.7838526, 0.4301691, 0.44780546, 0.38918355, 0.90228677, -0.18551223, -6.41113, 2.5856588, -0.4346609)
shadow_enabled = true

[node name="bloklar" type="Node3D" parent="."]

[node name="kutu1" parent="bloklar" instance=ExtResource("1_a202f")]
transform = Transform3D(1, 0, 0, 0, 0.7821951, -0.6230335, 0, 0.6230335, 0.7821951, 0, 4.884043, -1.928346)

[node name="kutu2" parent="bloklar" instance=ExtResource("1_a202f")]
transform = Transform3D(1, 0, 0, 0, 0.5977091, 0.80171305, 0, -0.80171305, 0.5977091, 0, 4.884043, 2.0404458)

[node name="icon" type="Sprite3D" parent="."]
transform = Transform3D(1, 0, 0, 0, 1, 0, 0, 0, 1, 0, 1.5881202, 4.1729493)
texture = ExtResource("3_r3fl7")
script = ExtResource("4_jka67")


[sub_resource type="BoxMesh" id="BoxMesh_4xowi"]
size = Vector3(10, 0.5, 10)

[sub_resource type="BoxShape3D" id="BoxShape3D_a202f"]
size = Vector3(10, 0.5, 10)

[node name="Level1" type="Node3D"]

[node name="Camera3D" type="Camera3D" parent="."]
transform = Transform3D(0.99972826, 0.0036330153, -0.023027807, 0.0031226333, 0.9580129, 0.28670818, 0.023102552, -0.28670216, 0.9577412, 0.230582, 2.939762, 8.523769)

[node name="floor" type="StaticBody3D" parent="."]
metadata/_edit_group_ = true

[node name="MeshInstance3D" type="MeshInstance3D" parent="floor"]
mesh = SubResource("BoxMesh_4xowi")

[node name="CollisionShape3D" type="CollisionShape3D" parent="floor"]
shape = SubResource("BoxShape3D_a202f")

[node name="DirectionalLight3D" type="DirectionalLight3D" parent="."]
transform = Transform3D(-0.48385057, 0.028864266, -0.87467456, -0.7838526, 0.4301691, 0.44780546, 0.38918355, 0.90228677, -0.18551223, -6.41113, 2.5856588, -0.4346609)
shadow_enabled = true

[node name="bloklar" type="Node3D" parent="."]

[node name="kutu1" parent="bloklar" instance=ExtResource("1_a202f")]
transform = Transform3D(1, 0, 0, 0, 0.7821951, -0.6230335, 0, 0.6230335, 0.7821951, 0, 4.884043, -1.928346)

[node name="kutu2" parent="bloklar" instance=ExtResource("1_a202f")]
transform = Transform3D(1, 0, 0, 0, 0.5977091, 0.80171305, 0, -0.80171305, 0.5977091, 0, 4.884043, 2.0404458)

[node name="Markus" parent="." instance=ExtResource("2_noarx")]
transform = Transform3D(1, 0, 0, 0, 1, 0, 0, 0, 1, -3.8669128, 1.2745783, 0)

[node name="icon" type="Sprite3D" parent="."]
transform = Transform3D(1, 0, 0, 0, 1, 0, 0, 0, 1, 0, 1.5881202, 4.1729493)
texture = ExtResource("3_r3fl7")
script = ExtResource("4_jka67")
